[gd_scene load_steps=12 format=2]

[ext_resource path="res://World.gd" type="Script" id=1]

[sub_resource type="BoxShape" id=1]
extents = Vector3( 50, 1, 50 )

[sub_resource type="SpatialMaterial" id=2]
albedo_color = Color( 0.207843, 0.635294, 0.282353, 1 )

[sub_resource type="CubeMesh" id=3]
material = SubResource( 2 )
size = Vector3( 100, 2, 100 )

[sub_resource type="CapsuleShape" id=4]

[sub_resource type="CapsuleMesh" id=5]

[sub_resource type="SpatialMaterial" id=6]
albedo_color = Color( 0, 0.647059, 1, 1 )

[sub_resource type="SpatialMaterial" id=7]
albedo_color = Color( 0.580392, 0.580392, 0.580392, 1 )

[sub_resource type="CylinderMesh" id=8]
material = SubResource( 7 )
top_radius = 0.05
bottom_radius = 0.05
height = 3.0
radial_segments = 4
rings = 1

[sub_resource type="SpatialMaterial" id=9]
albedo_color = Color( 0.733333, 0.490196, 0.345098, 1 )

[sub_resource type="CylinderMesh" id=10]
material = SubResource( 9 )
height = 0.05
radial_segments = 5

[node name="World" type="Spatial"]
script = ExtResource( 1 )

[node name="Platform" type="StaticBody" parent="."]
transform = Transform( 1, 0, 0, 0, 1, 0, 0, 0, 1, 0, -1, 0 )

[node name="CollisionShape" type="CollisionShape" parent="Platform"]
shape = SubResource( 1 )

[node name="MeshInstance" type="MeshInstance" parent="Platform"]
mesh = SubResource( 3 )
skeleton = NodePath("../..")

[node name="Camera" type="Camera" parent="."]
transform = Transform( 1, 0, 0, 0, 0.81303, 0.582222, 0, -0.582222, 0.81303, 0, 44.566, 57.8524 )
current = true
far = 1000.0

[node name="Sun" type="DirectionalLight" parent="."]
transform = Transform( 0.749002, 0.519882, -0.410755, 0, 0.619943, 0.784647, 0.662568, -0.587702, 0.464339, 0, 39.1288, 0 )

[node name="Soldiers" type="Spatial" parent="."]

[node name="Soldier1" type="RigidBody" parent="Soldiers"]

[node name="CollisionShape" type="CollisionShape" parent="Soldiers/Soldier1"]
transform = Transform( 1, 0, 0, 0, -4.37114e-08, 1, 0, -1, -4.37114e-08, 0, 1.5, 0 )
shape = SubResource( 4 )

[node name="Body" type="MeshInstance" parent="Soldiers/Soldier1"]
transform = Transform( 1, 0, 0, 0, -4.37114e-08, 1, 0, -1, -4.37114e-08, 0, 1.5, 0 )
mesh = SubResource( 5 )
material/0 = SubResource( 6 )

[node name="Spier" type="MeshInstance" parent="Soldiers/Soldier1"]
transform = Transform( 1, 0, 0, 0, 0.258819, 0.965926, 0, -0.965926, 0.258819, 1, 1.41851, -1 )
mesh = SubResource( 8 )

[node name="Shield" type="MeshInstance" parent="Soldiers/Soldier1"]
transform = Transform( -1, -3.82137e-15, 8.74228e-08, -8.74228e-08, 4.37114e-08, -1, 0, -1, -4.37114e-08, 2.38419e-07, 1.09145, -1 )
mesh = SubResource( 10 )

[node name="Soldier2" type="RigidBody" parent="Soldiers"]
transform = Transform( 1, 0, 0, 0, 1, 0, 0, 0, 1, 3, 0, 0 )

[node name="CollisionShape" type="CollisionShape" parent="Soldiers/Soldier2"]
transform = Transform( 1, 0, 0, 0, -4.37114e-08, 1, 0, -1, -4.37114e-08, 0, 1.5, 0 )
shape = SubResource( 4 )

[node name="Body" type="MeshInstance" parent="Soldiers/Soldier2"]
transform = Transform( 1, 0, 0, 0, -4.37114e-08, 1, 0, -1, -4.37114e-08, 0, 1.5, 0 )
mesh = SubResource( 5 )
material/0 = SubResource( 6 )

[node name="Spier" type="MeshInstance" parent="Soldiers/Soldier2"]
transform = Transform( 1, 0, 0, 0, 0.258819, 0.965926, 0, -0.965926, 0.258819, 1, 1.41851, -1 )
mesh = SubResource( 8 )

[node name="Shield" type="MeshInstance" parent="Soldiers/Soldier2"]
transform = Transform( -1, -3.82137e-15, 8.74228e-08, -8.74228e-08, 4.37114e-08, -1, 0, -1, -4.37114e-08, 2.38419e-07, 1.09145, -1 )
mesh = SubResource( 10 )

[node name="Soldier3" type="RigidBody" parent="Soldiers"]
transform = Transform( 1, 0, 0, 0, 1, 0, 0, 0, 1, 6, 0, 0 )

[node name="CollisionShape" type="CollisionShape" parent="Soldiers/Soldier3"]
transform = Transform( 1, 0, 0, 0, -4.37114e-08, 1, 0, -1, -4.37114e-08, 0, 1.5, 0 )
shape = SubResource( 4 )

[node name="Body" type="MeshInstance" parent="Soldiers/Soldier3"]
transform = Transform( 1, 0, 0, 0, -4.37114e-08, 1, 0, -1, -4.37114e-08, 0, 1.5, 0 )
mesh = SubResource( 5 )
material/0 = SubResource( 6 )

[node name="Spier" type="MeshInstance" parent="Soldiers/Soldier3"]
transform = Transform( 1, 0, 0, 0, 0.258819, 0.965926, 0, -0.965926, 0.258819, 1, 1.41851, -1 )
mesh = SubResource( 8 )

[node name="Shield" type="MeshInstance" parent="Soldiers/Soldier3"]
transform = Transform( -1, -3.82137e-15, 8.74228e-08, -8.74228e-08, 4.37114e-08, -1, 0, -1, -4.37114e-08, 2.38419e-07, 1.09145, -1 )
mesh = SubResource( 10 )

[node name="Soldier4" type="RigidBody" parent="Soldiers"]
transform = Transform( 1, 0, 0, 0, 1, 0, 0, 0, 1, -3, 0, 0 )

[node name="CollisionShape" type="CollisionShape" parent="Soldiers/Soldier4"]
transform = Transform( 1, 0, 0, 0, -4.37114e-08, 1, 0, -1, -4.37114e-08, 0, 1.5, 0 )
shape = SubResource( 4 )

[node name="Body" type="MeshInstance" parent="Soldiers/Soldier4"]
transform = Transform( 1, 0, 0, 0, -4.37114e-08, 1, 0, -1, -4.37114e-08, 0, 1.5, 0 )
mesh = SubResource( 5 )
material/0 = SubResource( 6 )

[node name="Spier" type="MeshInstance" parent="Soldiers/Soldier4"]
transform = Transform( 1, 0, 0, 0, 0.258819, 0.965926, 0, -0.965926, 0.258819, 1, 1.41851, -1 )
mesh = SubResource( 8 )

[node name="Shield" type="MeshInstance" parent="Soldiers/Soldier4"]
transform = Transform( -1, -3.82137e-15, 8.74228e-08, -8.74228e-08, 4.37114e-08, -1, 0, -1, -4.37114e-08, 2.38419e-07, 1.09145, -1 )
mesh = SubResource( 10 )

[node name="Soldier5" type="RigidBody" parent="Soldiers"]
transform = Transform( 1, 0, 0, 0, 1, 0, 0, 0, 1, -6, 0, 0 )

[node name="CollisionShape" type="CollisionShape" parent="Soldiers/Soldier5"]
transform = Transform( 1, 0, 0, 0, -4.37114e-08, 1, 0, -1, -4.37114e-08, 0, 1.5, 0 )
shape = SubResource( 4 )

[node name="Body" type="MeshInstance" parent="Soldiers/Soldier5"]
transform = Transform( 1, 0, 0, 0, -4.37114e-08, 1, 0, -1, -4.37114e-08, 0, 1.5, 0 )
mesh = SubResource( 5 )
material/0 = SubResource( 6 )

[node name="Spier" type="MeshInstance" parent="Soldiers/Soldier5"]
transform = Transform( 1, 0, 0, 0, 0.258819, 0.965926, 0, -0.965926, 0.258819, 1, 1.41851, -1 )
mesh = SubResource( 8 )

[node name="Shield" type="MeshInstance" parent="Soldiers/Soldier5"]
transform = Transform( -1, -3.82137e-15, 8.74228e-08, -8.74228e-08, 4.37114e-08, -1, 0, -1, -4.37114e-08, 2.38419e-07, 1.09145, -1 )
mesh = SubResource( 10 )
